{
 "cells": [
  {
   "cell_type": "code",
   "execution_count": 13,
   "metadata": {},
   "outputs": [],
   "source": [
    "import numpy as np \n",
    "import pandas as pd \n",
    "import seaborn as sns \n",
    "import matplotlib.pyplot as plt \n",
    "%matplotlib inline"
   ]
  },
  {
   "cell_type": "code",
   "execution_count": 14,
   "metadata": {},
   "outputs": [
    {
     "data": {
      "text/html": [
       "<div>\n",
       "<style scoped>\n",
       "    .dataframe tbody tr th:only-of-type {\n",
       "        vertical-align: middle;\n",
       "    }\n",
       "\n",
       "    .dataframe tbody tr th {\n",
       "        vertical-align: top;\n",
       "    }\n",
       "\n",
       "    .dataframe thead th {\n",
       "        text-align: right;\n",
       "    }\n",
       "</style>\n",
       "<table border=\"1\" class=\"dataframe\">\n",
       "  <thead>\n",
       "    <tr style=\"text-align: right;\">\n",
       "      <th></th>\n",
       "      <th>Well</th>\n",
       "      <th>Por</th>\n",
       "      <th>Perm</th>\n",
       "      <th>AI</th>\n",
       "      <th>Brittle</th>\n",
       "      <th>TOC</th>\n",
       "      <th>VR</th>\n",
       "      <th>Prod</th>\n",
       "    </tr>\n",
       "  </thead>\n",
       "  <tbody>\n",
       "    <tr>\n",
       "      <th>0</th>\n",
       "      <td>1</td>\n",
       "      <td>12.08</td>\n",
       "      <td>2.92</td>\n",
       "      <td>2.80</td>\n",
       "      <td>81.40</td>\n",
       "      <td>1.16</td>\n",
       "      <td>2.31</td>\n",
       "      <td>4165.196191</td>\n",
       "    </tr>\n",
       "    <tr>\n",
       "      <th>1</th>\n",
       "      <td>2</td>\n",
       "      <td>12.38</td>\n",
       "      <td>3.53</td>\n",
       "      <td>3.22</td>\n",
       "      <td>46.17</td>\n",
       "      <td>0.89</td>\n",
       "      <td>1.88</td>\n",
       "      <td>3561.146205</td>\n",
       "    </tr>\n",
       "    <tr>\n",
       "      <th>2</th>\n",
       "      <td>3</td>\n",
       "      <td>14.02</td>\n",
       "      <td>2.59</td>\n",
       "      <td>4.01</td>\n",
       "      <td>72.80</td>\n",
       "      <td>0.89</td>\n",
       "      <td>2.72</td>\n",
       "      <td>4284.348574</td>\n",
       "    </tr>\n",
       "    <tr>\n",
       "      <th>3</th>\n",
       "      <td>4</td>\n",
       "      <td>17.67</td>\n",
       "      <td>6.75</td>\n",
       "      <td>2.63</td>\n",
       "      <td>39.81</td>\n",
       "      <td>1.08</td>\n",
       "      <td>1.88</td>\n",
       "      <td>5098.680869</td>\n",
       "    </tr>\n",
       "    <tr>\n",
       "      <th>4</th>\n",
       "      <td>5</td>\n",
       "      <td>17.52</td>\n",
       "      <td>4.57</td>\n",
       "      <td>3.18</td>\n",
       "      <td>10.94</td>\n",
       "      <td>1.51</td>\n",
       "      <td>1.90</td>\n",
       "      <td>3406.132832</td>\n",
       "    </tr>\n",
       "  </tbody>\n",
       "</table>\n",
       "</div>"
      ],
      "text/plain": [
       "   Well    Por  Perm    AI  Brittle   TOC    VR         Prod\n",
       "0     1  12.08  2.92  2.80    81.40  1.16  2.31  4165.196191\n",
       "1     2  12.38  3.53  3.22    46.17  0.89  1.88  3561.146205\n",
       "2     3  14.02  2.59  4.01    72.80  0.89  2.72  4284.348574\n",
       "3     4  17.67  6.75  2.63    39.81  1.08  1.88  5098.680869\n",
       "4     5  17.52  4.57  3.18    10.94  1.51  1.90  3406.132832"
      ]
     },
     "execution_count": 14,
     "metadata": {},
     "output_type": "execute_result"
    }
   ],
   "source": [
    "data = pd.read_csv('data/unconv.csv')\n",
    "data.head()"
   ]
  },
  {
   "cell_type": "code",
   "execution_count": 15,
   "metadata": {},
   "outputs": [
    {
     "data": {
      "text/html": [
       "<div>\n",
       "<style scoped>\n",
       "    .dataframe tbody tr th:only-of-type {\n",
       "        vertical-align: middle;\n",
       "    }\n",
       "\n",
       "    .dataframe tbody tr th {\n",
       "        vertical-align: top;\n",
       "    }\n",
       "\n",
       "    .dataframe thead th {\n",
       "        text-align: right;\n",
       "    }\n",
       "</style>\n",
       "<table border=\"1\" class=\"dataframe\">\n",
       "  <thead>\n",
       "    <tr style=\"text-align: right;\">\n",
       "      <th></th>\n",
       "      <th>Well</th>\n",
       "      <th>Por</th>\n",
       "      <th>Perm</th>\n",
       "      <th>AI</th>\n",
       "      <th>Brittle</th>\n",
       "      <th>TOC</th>\n",
       "      <th>VR</th>\n",
       "      <th>Prod</th>\n",
       "    </tr>\n",
       "  </thead>\n",
       "  <tbody>\n",
       "    <tr>\n",
       "      <th>Well</th>\n",
       "      <td>1.000000</td>\n",
       "      <td>0.068927</td>\n",
       "      <td>0.077928</td>\n",
       "      <td>0.041483</td>\n",
       "      <td>-0.079252</td>\n",
       "      <td>0.022624</td>\n",
       "      <td>-0.007279</td>\n",
       "      <td>0.026817</td>\n",
       "    </tr>\n",
       "    <tr>\n",
       "      <th>Por</th>\n",
       "      <td>0.068927</td>\n",
       "      <td>1.000000</td>\n",
       "      <td>0.760546</td>\n",
       "      <td>-0.461549</td>\n",
       "      <td>-0.218570</td>\n",
       "      <td>0.711831</td>\n",
       "      <td>0.111860</td>\n",
       "      <td>0.861910</td>\n",
       "    </tr>\n",
       "    <tr>\n",
       "      <th>Perm</th>\n",
       "      <td>0.077928</td>\n",
       "      <td>0.760546</td>\n",
       "      <td>1.000000</td>\n",
       "      <td>-0.239636</td>\n",
       "      <td>-0.124017</td>\n",
       "      <td>0.471746</td>\n",
       "      <td>0.051023</td>\n",
       "      <td>0.727426</td>\n",
       "    </tr>\n",
       "    <tr>\n",
       "      <th>AI</th>\n",
       "      <td>0.041483</td>\n",
       "      <td>-0.461549</td>\n",
       "      <td>-0.239636</td>\n",
       "      <td>1.000000</td>\n",
       "      <td>0.127599</td>\n",
       "      <td>-0.531864</td>\n",
       "      <td>0.499143</td>\n",
       "      <td>-0.390835</td>\n",
       "    </tr>\n",
       "    <tr>\n",
       "      <th>Brittle</th>\n",
       "      <td>-0.079252</td>\n",
       "      <td>-0.218570</td>\n",
       "      <td>-0.124017</td>\n",
       "      <td>0.127599</td>\n",
       "      <td>1.000000</td>\n",
       "      <td>-0.214282</td>\n",
       "      <td>0.317929</td>\n",
       "      <td>0.237155</td>\n",
       "    </tr>\n",
       "    <tr>\n",
       "      <th>TOC</th>\n",
       "      <td>0.022624</td>\n",
       "      <td>0.711831</td>\n",
       "      <td>0.471746</td>\n",
       "      <td>-0.531864</td>\n",
       "      <td>-0.214282</td>\n",
       "      <td>1.000000</td>\n",
       "      <td>0.299483</td>\n",
       "      <td>0.654445</td>\n",
       "    </tr>\n",
       "    <tr>\n",
       "      <th>VR</th>\n",
       "      <td>-0.007279</td>\n",
       "      <td>0.111860</td>\n",
       "      <td>0.051023</td>\n",
       "      <td>0.499143</td>\n",
       "      <td>0.317929</td>\n",
       "      <td>0.299483</td>\n",
       "      <td>1.000000</td>\n",
       "      <td>0.323182</td>\n",
       "    </tr>\n",
       "    <tr>\n",
       "      <th>Prod</th>\n",
       "      <td>0.026817</td>\n",
       "      <td>0.861910</td>\n",
       "      <td>0.727426</td>\n",
       "      <td>-0.390835</td>\n",
       "      <td>0.237155</td>\n",
       "      <td>0.654445</td>\n",
       "      <td>0.323182</td>\n",
       "      <td>1.000000</td>\n",
       "    </tr>\n",
       "  </tbody>\n",
       "</table>\n",
       "</div>"
      ],
      "text/plain": [
       "             Well       Por      Perm        AI   Brittle       TOC        VR  \\\n",
       "Well     1.000000  0.068927  0.077928  0.041483 -0.079252  0.022624 -0.007279   \n",
       "Por      0.068927  1.000000  0.760546 -0.461549 -0.218570  0.711831  0.111860   \n",
       "Perm     0.077928  0.760546  1.000000 -0.239636 -0.124017  0.471746  0.051023   \n",
       "AI       0.041483 -0.461549 -0.239636  1.000000  0.127599 -0.531864  0.499143   \n",
       "Brittle -0.079252 -0.218570 -0.124017  0.127599  1.000000 -0.214282  0.317929   \n",
       "TOC      0.022624  0.711831  0.471746 -0.531864 -0.214282  1.000000  0.299483   \n",
       "VR      -0.007279  0.111860  0.051023  0.499143  0.317929  0.299483  1.000000   \n",
       "Prod     0.026817  0.861910  0.727426 -0.390835  0.237155  0.654445  0.323182   \n",
       "\n",
       "             Prod  \n",
       "Well     0.026817  \n",
       "Por      0.861910  \n",
       "Perm     0.727426  \n",
       "AI      -0.390835  \n",
       "Brittle  0.237155  \n",
       "TOC      0.654445  \n",
       "VR       0.323182  \n",
       "Prod     1.000000  "
      ]
     },
     "execution_count": 15,
     "metadata": {},
     "output_type": "execute_result"
    }
   ],
   "source": [
    "Corr_matrix=data.corr()\n",
    "Corr_matrix"
   ]
  },
  {
   "cell_type": "code",
   "execution_count": 16,
   "metadata": {},
   "outputs": [
    {
     "data": {
      "text/plain": [
       "array([[ 1.        ,  0.06892651,  0.07792781,  0.04148262, -0.07925236,\n",
       "         0.02262431, -0.00727868,  0.02681678],\n",
       "       [ 0.06892651,  1.        ,  0.76054592, -0.46154937, -0.2185703 ,\n",
       "         0.71183068,  0.11185978,  0.86190954],\n",
       "       [ 0.07792781,  0.76054592,  1.        , -0.23963581, -0.1240173 ,\n",
       "         0.47174632,  0.0510232 ,  0.72742614],\n",
       "       [ 0.04148262, -0.46154937, -0.23963581,  1.        ,  0.12759943,\n",
       "        -0.5318636 ,  0.49914265, -0.39083477],\n",
       "       [-0.07925236, -0.2185703 , -0.1240173 ,  0.12759943,  1.        ,\n",
       "        -0.21428177,  0.31792866,  0.23715533],\n",
       "       [ 0.02262431,  0.71183068,  0.47174632, -0.5318636 , -0.21428177,\n",
       "         1.        ,  0.29948287,  0.6544452 ],\n",
       "       [-0.00727868,  0.11185978,  0.0510232 ,  0.49914265,  0.31792866,\n",
       "         0.29948287,  1.        ,  0.32318155],\n",
       "       [ 0.02681678,  0.86190954,  0.72742614, -0.39083477,  0.23715533,\n",
       "         0.6544452 ,  0.32318155,  1.        ]])"
      ]
     },
     "execution_count": 16,
     "metadata": {},
     "output_type": "execute_result"
    }
   ],
   "source": [
    "A = Corr_matrix.values\n",
    "A"
   ]
  },
  {
   "cell_type": "code",
   "execution_count": 17,
   "metadata": {},
   "outputs": [
    {
     "name": "stdout",
     "output_type": "stream",
     "text": [
      "Rank: 8\n",
      "Determinant: 0.0007299\n",
      "[[ 1.         -0.13004995 -0.13694199 -0.00782715 -0.33195796 -0.16394855\n",
      "  -0.46666612 -0.30373867]\n",
      " [-0.13004995  1.          0.94416129 -0.88680523 -0.56508858  0.9227308\n",
      "  -0.37934049  0.94112062]\n",
      " [-0.13694199  0.94416129  1.         -0.79948999 -0.550663    0.7910248\n",
      "  -0.46540471  0.88142662]\n",
      " [-0.00782715 -0.88680523 -0.79948999  1.          0.36924234 -0.86481653\n",
      "   0.56706352 -0.87811352]\n",
      " [-0.33195796 -0.56508858 -0.550663    0.36924234  1.         -0.53297446\n",
      "   0.37647772 -0.25852206]\n",
      " [-0.16394855  0.9227308   0.7910248  -0.86481653 -0.53297446  1.\n",
      "  -0.17605402  0.87982203]\n",
      " [-0.46666612 -0.37934049 -0.46540471  0.56706352  0.37647772 -0.17605402\n",
      "   1.         -0.24774051]\n",
      " [-0.30373867  0.94112062  0.88142662 -0.87811352 -0.25852206  0.87982203\n",
      "  -0.24774051  1.        ]]\n"
     ]
    }
   ],
   "source": [
    "C = np.corrcoef(A)\n",
    "print('Rank:', np.linalg.matrix_rank(A))\n",
    "print('Determinant: {:.7f}'.format(np.linalg.det(A)))\n",
    "print(C)"
   ]
  },
  {
   "cell_type": "code",
   "execution_count": 18,
   "metadata": {},
   "outputs": [
    {
     "name": "stdout",
     "output_type": "stream",
     "text": [
      "intercept   -1232.0\n",
      "Well            0.0\n",
      "Por           230.0\n",
      "Perm          116.0\n",
      "AI           -365.0\n",
      "Brittle        25.0\n",
      "TOC           -78.0\n",
      "VR            785.0\n",
      "dtype: float64\n"
     ]
    }
   ],
   "source": [
    "X = data.drop('Prod', axis=1)\n",
    "y = data['Prod'].values\n",
    "index = ['intercept']+list(X.columns)\n",
    "n = X.shape[0]\n",
    "X = np.column_stack((np.ones(n), X))\n",
    "w_hat = np.linalg.inv(X.T@X)@X.T@y\n",
    "print(pd.Series(np.round(w_hat, 0), index=index))"
   ]
  },
  {
   "cell_type": "code",
   "execution_count": 19,
   "metadata": {},
   "outputs": [
    {
     "name": "stdout",
     "output_type": "stream",
     "text": [
      "25.0\n",
      "Result MAPE 3.6:\n"
     ]
    }
   ],
   "source": [
    "x_new = np.array([1, 106, 15.32, 3.71, 3.29, 55.99, 1.35, 2.42])\n",
    "y_new = 4748.315024\n",
    "y_new_pred = x_new @ w_hat\n",
    "print(np.round(np.abs(y_new_pred - y_new), 0))\n",
    "\n",
    "from sklearn.metrics import mean_absolute_percentage_error\n",
    "y_pred = X @ w_hat\n",
    "print('Result MAPE {:.1f}:'.format(mean_absolute_percentage_error(y, y_pred)*100))"
   ]
  },
  {
   "cell_type": "code",
   "execution_count": 20,
   "metadata": {},
   "outputs": [
    {
     "name": "stdout",
     "output_type": "stream",
     "text": [
      "intercept   -1835.0\n",
      "Por           293.0\n",
      "AI           -200.0\n",
      "Brittle        28.0\n",
      "VR            517.0\n",
      "dtype: float64\n",
      "MAPE: 4.04414 %\n"
     ]
    }
   ],
   "source": [
    "from sklearn.metrics import mean_absolute_percentage_error\n",
    "X = data.drop(['Prod', 'Perm', 'TOC', 'Well'], axis=1)\n",
    "y = data['Prod'].values\n",
    "index = ['intercept']+list(X.columns)\n",
    "n = X.shape[0]\n",
    "X = np.column_stack((np.ones(n), X))\n",
    "w_hat = np.linalg.inv(X.T@X)@X.T@y\n",
    "y_pred = X @ w_hat\n",
    "print(pd.Series(np.round(w_hat, 0), index=index))\n",
    "print(f'MAPE: {mean_absolute_percentage_error(y, y_pred)*100:.5f} %')"
   ]
  },
  {
   "attachments": {},
   "cell_type": "markdown",
   "metadata": {},
   "source": [
    "6.4 С помощью классического МНК найдите коэффициенты полиномиальной регрессии, если используется полином второй степени и задан фактор  и целевая переменная ."
   ]
  },
  {
   "cell_type": "code",
   "execution_count": 21,
   "metadata": {},
   "outputs": [
    {
     "name": "stdout",
     "output_type": "stream",
     "text": [
      "[ 0.11446013  2.46095638 -0.01608801]\n"
     ]
    }
   ],
   "source": [
    "A = np.array([\n",
    "    [1, 1, 1, 1],\n",
    "    [1, 3, -2, 9],\n",
    "    [1, 9, 4, 81]\n",
    "]).T\n",
    "y = np.array([3, 7, -5, 21])\n",
    "w_hat = np.linalg.inv(A.T@A)@A.T@y\n",
    "print(w_hat) \n",
    "# [2.4        0.46666667 0.13333333]"
   ]
  },
  {
   "cell_type": "code",
   "execution_count": 22,
   "metadata": {},
   "outputs": [
    {
     "name": "stdout",
     "output_type": "stream",
     "text": [
      "[-0.08523045 -1.70784126  1.91141216  0.7293992 ]\n"
     ]
    }
   ],
   "source": [
    "# матрица наблюдений (включая столбец единиц)\n",
    "A = np.array([\n",
    "    [1, 1, 1, 1, 1],\n",
    "    [5,9,4,3,5],\n",
    "    [15,18,18,19,19],\n",
    "    [7,6,7,7,7]\n",
    "]).T\n",
    "# вектор целевого признака\n",
    "y = np.array([24, 22, 35, 33, 36])\n",
    "# единичная матрица\n",
    "E = np.eye(4)\n",
    "# коэффициент регуляризации \n",
    "alpha = 1\n",
    "# получаем оценку коэффициентов регрессии по МНК с регуляризацией Тихонова\n",
    "w_hat_ridge = np.linalg.inv(A.T@A+alpha*E)@A.T@y\n",
    "print(w_hat_ridge) \n",
    "## [0.6122449  0.29387755 0.5877551 ]"
   ]
  }
 ],
 "metadata": {
  "kernelspec": {
   "display_name": "Python 3",
   "language": "python",
   "name": "python3"
  },
  "language_info": {
   "codemirror_mode": {
    "name": "ipython",
    "version": 3
   },
   "file_extension": ".py",
   "mimetype": "text/x-python",
   "name": "python",
   "nbconvert_exporter": "python",
   "pygments_lexer": "ipython3",
   "version": "3.8.2"
  },
  "orig_nbformat": 4
 },
 "nbformat": 4,
 "nbformat_minor": 2
}
