INFO: 2023-01-12 13:37:53,746: Data
INFO: 2023-01-12 13:37:53,877: Data shape (110527, 14)
INFO: 2023-01-12 13:37:54,006: Percentage of women: 0.653882342398853
INFO: 2023-01-12 13:37:54,115: Percentage of men: 0.346117657601147
ERROR: 2023-01-12 13:37:54,491: Data shape is incorrect!
